52500.0
7.0
4900.0
57400.0

64029.5
7.0
4900.0
68929.5

56000.0
7.0
4900.0
60900.0

50001.0
7.0
4900.0
54901.0

65500.0
7.0
4900.0
70400.0

42800.0
7.0
4900.0
47700.0

45000.5
7.0
4900.0
49900.5

68900.0
7.0
4900.0
73800.0

60000.0
7.0
4900.0
64900.0

59999.94
7.0
4900.0
64899.94

54120.25
7.0
4900.0
59020.25

64100.0
7.0
4900.0
69000.0

44000.5
7.0
4900.0
48900.5

80100.2
7.0
4900.0
85000.2

90000.0
7.0
4900.0
94900.0

41000.0
7.0
4900.0
45900.0

60500.5
7.0
4900.0
65400.5

72000.0
7.0
4900.0
76900.0

50000.01
7.0
4900.0
54900.01

50000.0
7.0
4900.0
54900.0

80001.75
7.0
4900.0
84901.75

60001.0
7.0
4900.0
64901.0

70000.01
7.0
4900.0
74900.01

70000.0
7.0
4900.0
74900.0

